layout_spectrum: 0.5071685
typography_spectrum: 0.09677419
color:
  saturation: 0.768993
  brandStrength: 0.004017804
  lightness: 0.1577061
  rhythmicContrast: 0.4614142
name: The Avenue Art
